
		Round 16 Pairing Groups
-------------------------------------------------------------------------
Place  No  Opponents     Roles     Float Score
1-2
      8   10,24,22,36,35,41,2,13,41,33,19,1,37,27,7    BWBWWBBWBWBWBWB     63
      36  23,46,29,8,37,3,16,35,34,29,7,40,25,3,2      BBBBWWWBBWBWBWW     63
3-6
      1   39,20,31,44,41,15,32,34,29,19,41,8,30,39,11  WBBWWBWBBWBBWWB     61
      2   19,7,32,32,44,37,8,27,28,11,46,35,3,43,36    BWWWBBWBBWBWBWB     61
      24  31,8,39,16,6,20,34,44,15,30,27,37,7,28,35    BBBBWWBWBWBWWBW     61
      35  46,23,14,20,8,13,41,36,32,43,3,2,19,46,24    WWWBBWBWBWBBWWB     61
7-9
      15  27,38,13,26,16,1,28,37,24,40,43,34,27,16,14  WBBBWWBWWBWBWBB     60
      27  15,26,3,34,42,19,44,2,23,26,24,38,15,8,13    BBWBWWBWWBWWBBW     60
      39  1,22,24,38,7,23,42,28,25,37,40,7,11,1,19     BBWWBWBWWBWBWBB     60
10-14
      3   13,33,27,40,20,36,25,32,14,23,35,46,2,36,42  BBBWWBWBBBWBWBW     59
      7   12,2,43,28,39,16,21,14,43,34,36,39,24,11,8   BBBWWBWWBWWWBBW     59
      34  4,29,5,27,13,25,24,1,36,7,16,15,23,32,22     BWWWBBWWWBWWBWB     59
      37  40,40,38,19,36,2,13,15,11,39,38,24,8,19,43   WWWBBWBBBWBBWWB     59
      41  16,21,42,13,1,8,35,25,8,42,1,19,46,40,33     BWBWBWWBWBWBWBB     59
15-16
      42  30,5,41,25,27,17,39,6,19,41,33,23,43,38,3    WWWBBBWBBWBWBWB     58
      43  6,32,7,30,38,33,14,5,7,35,15,16,42,2,37      WBWBBWBBWBBBWBW     58
17
      28  17,30,25,7,26,32,15,39,2,16,26,30,40,24,46   BBWBWBWBWBWWBWB     57
18-23
      13  3,45,15,41,34,35,37,8,20,-,21,45,5,6,27      WBWBWBWBB-WWBWB     56
      23  36,35,11,6,30,39,10,20,27,3,11,42,34,14,16   WBWBWBBWBWBBWWB     56
      30  42,28,-,43,23,10,33,46,40,24,25,28,1,33,38   BW-WBWBWWBWBBWB     56
      33  45,3,-,21,10,43,30,22,16,8,42,11,17,30,41    BW-BWBWBWBWWBBW     56
      40  37,37,4,3,25,38,20,10,30,15,39,36,28,41,-    BBWBWWBWBWBBWW-     56
      44  18,14,26,1,2,18,27,24,21,-,14,22,10,17,32    WWBBWBWBB-WBWWB     56
24-26
      16  41,25,6,24,15,7,36,19,33,28,34,43,38,15,23   WWBWBWBBBWBWBWW     55
      32  9,43,2,2,19,28,1,3,35,-,10,20,6,34,44        BWBBWWBWW-BWWBW     55
      38  26,15,37,39,43,40,6,21,6,46,37,27,16,42,30   WWBBWBWBWBWBWBW     55
27-29
      11  29,10,23,-,22,5,17,18,37,2,23,33,39,7,1      WBB-WBWWWBWBBWW     54
      19  2,6,9,37,32,27,-,16,42,1,8,41,35,37,39       WWBWBB-WWBWWBBW     54
      46  35,36,-,45,14,21,22,30,18,38,2,3,41,35,28    BW-BBWWBBWWWBBW     54
30-33
      6   43,19,16,23,24,26,38,42,38,-,20,10,32,13,5   BBWWBWBWB-WWBBW     52
      14  5,44,35,-,46,22,43,7,3,-,44,17,21,23,15      WBB-WBWBW-BBWBW     52
      20  22,1,10,35,3,24,40,23,13,-,6,32,22,26,45     WWBWBBWBW-BBWWB     52
      25  21,16,28,42,40,34,3,41,39,17,30,26,36,-,-    WBBWBWBWBWBBW--     52
34
      22  20,39,8,-,11,14,46,33,-,4,17,44,20,10,34     BWW-BWBW-BWWBBW     50
35-36
      10  8,11,20,-,33,30,23,40,17,-,32,6,44,22,-      WWW-BBWBB-WBBW-     49
      17  28,-,-,18,-,42,11,26,10,25,22,14,33,44,-     W--W-WBBWBBWWB-     49
37-38
      5   14,42,34,-,29,11,18,43,26,-,45,21,13,31,6    BBB-WWBWW-BBWBB     45
      21  25,41,-,33,18,46,7,38,44,-,13,5,14,-,-       BB-WWBBWW-BWB--     45
39
      26  38,27,44,15,28,6,-,17,5,27,28,25,-,20,-      BWWWBB-WBWBW-B-     44
40
      29  11,34,36,-,5,-,31,4,1,36,-,-,18,45,31        BBW-B-WWWB--BWB     43
41
      45  33,13,-,46,-,-,4,31,-,-,5,13,31,29,20        WW-W--BB--WBWBW     40
42
      18  44,-,-,17,21,44,5,11,46,-,-,-,29,-,-         B--BBWWBW---W-- D   35
43
      31  24,-,1,-,4,-,29,45,-,-,-,-,45,5,29           W-W-B-BW----BWW     32
44
      4   34,-,40,-,31,-,45,29,-,22,-,-,-,-,-          W-B-W-WB-W-----     24
45
      9   32,-,19,-,-,-,-,-,-,-,-,-,-,-,-              W-W------------     8
46
      12  7,-,-,-,-,-,-,-,-,-,-,-,-,-,-                W--------------     5
