
		Round 16 Pairing Groups
-------------------------------------------------------------------------
Place  No  Opponents     Roles     Float Score
1-2
      3   28,7,41,10,9,4,8,16,4,23,21,39,30,20,29      BWBWWBBWBWBWBWB     63
      10  5,27,42,3,30,26,34,9,12,42,29,32,18,26,8     BBBBWWWBBWBWBWW     63
3-6
      7   44,3,14,34,15,24,12,6,17,33,20,30,29,19,9    BBBBWWBWBWBWWBW     61
      8   21,29,13,13,6,30,3,20,19,35,27,9,26,37,10    BWWWBBWBBWBWBWB     61
      9   27,5,22,24,3,16,4,10,13,37,26,8,21,27,7      WWWBBWBWBWBBWWB     61
      39  14,24,44,6,4,17,13,12,42,21,4,3,33,14,35     WBBWWBWBBWBBWWB     61
7-9
      14  39,41,7,11,29,5,25,19,18,30,32,29,35,39,21   BBWWBWBWWBWBWBB     60
      17  20,11,16,36,34,39,19,30,7,32,37,12,20,34,22  WBBBWWBWWBWBWBB     60
      20  17,36,26,12,25,21,6,8,5,36,7,11,17,3,16      BBWBWWBWWBWWBBW     60
10-14
      4   34,31,25,16,39,3,9,18,3,25,39,21,27,32,23    BWBWBWWBWBWBWBB     59
      12  45,42,38,20,16,18,7,39,10,29,34,17,5,13,41   BWWWBBWWWBWWBWB     59
      26  16,23,20,32,24,10,18,13,22,5,9,27,8,10,25    BBBWWBWBBBWBWBW     59
      29  2,8,37,19,14,34,31,22,37,12,10,14,7,35,3     BBBWWBWWBWWWBBW     59
      30  32,32,11,21,10,8,16,17,35,14,11,7,3,21,37    WWWBBWBBBWBBWWB     59
15-16
      25  33,38,4,18,20,43,14,15,21,4,23,5,37,11,26    WWWBBBWBBWBWBWB     58
      37  15,13,29,33,11,23,22,38,29,9,17,34,25,8,30   WBWBBWBBWBBBWBW     58
17
      19  43,33,18,29,36,13,17,14,8,34,36,33,32,7,27   BBWBWBWBWBWWBWB     57
18-23
      5   10,9,35,15,33,14,28,24,20,26,35,25,12,22,34  WBWBWBBWBWBBWWB     56
      6   40,22,36,39,8,40,20,7,31,-,22,41,28,43,13    WWBBWBWBB-WBWWB     56
      16  26,46,17,4,12,9,30,3,24,-,31,46,38,15,20     WBWBWBWBB-WWBWB     56
      23  46,26,-,31,28,37,33,41,34,3,25,35,43,33,4    BW-BWBWBWBWWBBW     56
      32  30,30,45,26,18,11,24,28,33,17,14,10,19,4,-   BBWBWWBWBWBBWW-     56
      33  25,19,-,37,5,28,23,27,32,7,18,19,39,23,11    BW-WBWBWWBWBBWB     56
24-26
      11  36,17,30,14,37,32,15,31,15,27,30,20,34,25,33 WWBBWBWBWBWBWBW     55
      13  1,37,8,8,21,19,39,26,9,-,28,24,15,12,6       BWBBWWBWW-BWWBW     55
      34  4,18,15,7,17,29,10,21,23,19,12,37,11,17,5    WWBWBWBBBWBWBWW     55
27-29
      21  8,15,1,30,13,20,-,34,25,39,3,4,9,30,14       WWBWBB-WWBWWBBW     54
      27  9,10,-,46,22,31,41,33,40,11,8,26,4,9,19      BW-BBWWBBWWWBBW     54
      35  42,28,5,-,41,38,43,40,30,8,5,23,14,29,39     WBB-WBWWWBWBBWW     54
30-33
      15  37,21,34,5,7,36,11,25,11,-,24,28,13,16,38    BBWWBWBWB-WWBBW     52
      18  31,34,19,25,32,12,26,4,14,43,33,36,10,-,-    WBBWBWBWBWBBW--     52
      22  38,6,9,-,27,41,37,29,26,-,6,43,31,5,17       WBB-WBWBW-BBWBW     52
      24  41,39,28,9,26,7,32,5,16,-,15,13,41,36,46     WWBWBBWBW-BBWWB     52
34
      41  24,14,3,-,35,22,27,23,-,45,43,6,24,28,12     BWW-BWBW-BWWBBW     50
35-36
      28  3,35,24,-,23,33,5,32,43,-,13,15,6,41,-       WWW-BBWBB-WBBW-     49
      43  19,-,-,40,-,25,35,36,28,18,41,22,23,6,-      W--W-WBBWBBWWB-     49
37-38
      31  18,4,-,23,40,27,29,11,6,-,16,38,22,-,-       BB-WWBBWW-BWB--     45
      38  22,25,12,-,42,35,40,37,36,-,46,31,16,44,15   BBB-WWBWW-BBWBB     45
39
      36  11,20,6,17,19,15,-,43,38,20,19,18,-,24,-     BWWWBB-WBWBW-B-     44
40
      42  35,12,10,-,38,-,44,45,39,10,-,-,40,46,44     BBW-B-WWWB--BWB     43
41
      46  23,16,-,27,-,-,45,44,-,-,38,16,44,42,24      WW-W--BB--WBWBW     40
42
      40  6,-,-,43,31,6,38,35,27,-,-,-,42,-,-          B--BBWWBW---W-- D   35
43
      44  7,-,39,-,45,-,42,46,-,-,-,-,46,38,42         W-W-B-BW----BWW     32
44
      45  12,-,32,-,44,-,46,42,-,41,-,-,-,-,-          W-B-W-WB-W-----     24
45
      1   13,-,21,-,-,-,-,-,-,-,-,-,-,-,-              W-W------------     8
46
      2   29,-,-,-,-,-,-,-,-,-,-,-,-,-,-               W--------------     5
